30
-1 32 52 73 21 20 30 81 35 50 63 63 86 47 18 35 46 46 81 13 25 38 33 12 80 93 53 96 60 69
32 -1 61 71 31 84 26 54 74 60 66 47 58 67 98 36 79 71 22 47 78 10 72 21 72 37 34 85 38 27
52 61 -1 66 35 76 21 76 15 80 79 39 72 19 50 32 82 49 65 92 83 68 96 72 28 36 99 27 83 93
73 71 66 -1 12 29 92 51 50 96 91 47 63 92 97 12 69 68 90 16 61 37 30 92 99 69 51 20 99 69
21 31 35 12 -1 37 54 20 18 41 16 62 19 44 30 68 64 89 49 15 61 62 23 67 29 24 17 10 91 81
20 84 76 29 37 -1 49 20 92 50 60 31 60 41 38 68 79 17 11 19 54 18 41 39 85 83 56 36 37 68
30 26 21 92 54 49 -1 11 70 76 32 62 33 61 85 58 28 63 11 92 98 44 10 70 47 42 17 24 75 92
81 54 76 51 20 20 11 -1 32 85 88 26 83 27 80 87 46 55 16 94 36 14 85 37 76 37 33 48 96 93
35 74 15 50 18 92 70 32 -1 28 82 53 84 58 80 66 69 60 29 62 98 67 42 60 12 30 88 46 87 76
50 60 80 96 41 50 76 85 28 -1 77 59 22 40 12 78 42 90 62 50 55 63 21 55 92 57 81 91 20 84
63 66 79 91 16 60 32 88 82 77 -1 30 33 71 24 63 45 43 51 91 75 31 28 24 91 24 13 17 85 80
63 47 39 47 62 31 62 26 53 59 30 -1 81 18 42 62 32 60 83 95 38 21 86 16 30 31 63 59 85 57
86 58 72 63 19 60 33 83 84 22 33 81 -1 90 15 60 13 72 97 85 83 73 12 44 27 24 24 28 51 88
47 67 19 92 44 41 61 27 58 40 71 18 90 -1 50 76 71 30 26 72 80 95 26 90 76 76 95 41 72 92
18 98 50 97 30 38 85 80 80 12 24 42 15 50 -1 95 36 33 68 63 21 91 53 33 82 78 20 43 29 97
35 36 32 12 68 68 58 87 66 78 63 62 60 76 95 -1 98 16 12 65 87 84 47 60 20 22 29 28 38 27
46 79 82 69 64 79 28 46 69 42 45 32 13 71 36 98 -1 75 68 43 17 89 12 63 46 94 58 14 61 92
46 71 49 68 89 17 63 55 60 90 43 60 72 30 33 16 75 -1 39 25 16 43 21 40 89 84 19 92 57 29
81 22 65 90 49 11 11 16 29 62 51 83 97 26 68 12 68 39 -1 28 89 94 77 43 29 79 33 25 77 46
13 47 92 16 15 19 92 94 62 50 91 95 85 72 63 65 43 25 28 -1 85 35 89 81 59 46 15 54 86 40
25 78 83 61 61 54 98 36 98 55 75 38 83 80 21 87 17 16 89 85 -1 16 28 71 46 65 78 77 33 40
38 10 68 37 62 18 44 14 67 63 31 21 73 95 91 84 89 43 94 35 16 -1 38 38 85 49 21 60 54 32
33 72 96 30 23 41 10 85 42 21 28 86 12 26 53 47 12 21 77 89 28 38 -1 77 51 64 98 13 19 90
12 21 72 92 67 39 70 37 60 55 24 16 44 90 33 60 63 40 43 81 71 38 77 -1 79 63 38 18 34 95
80 72 28 99 29 85 47 76 12 92 91 30 27 76 82 20 46 89 29 59 46 85 51 79 -1 23 24 51 10 43
93 37 36 69 24 83 42 37 30 57 24 31 24 76 78 22 94 84 79 46 65 49 64 63 23 -1 20 31 64 69
53 34 99 51 17 56 17 33 88 81 13 63 24 95 20 29 58 19 33 15 78 21 98 38 24 20 -1 14 75 22
96 85 27 20 10 36 24 48 46 91 17 59 28 41 43 28 14 92 25 54 77 60 13 18 51 31 14 -1 81 71
60 38 83 99 91 37 75 96 87 20 85 85 51 72 29 38 61 57 77 86 33 54 19 34 10 64 75 81 -1 95
69 27 93 69 81 68 92 93 76 84 80 57 88 92 97 27 92 29 46 40 40 32 90 95 43 69 22 71 95 -1
