30
-1 23 71 83 80 38 80 20 41 34 98 98 43 64 95 88 32 77 47 63 62 32 29 76 94 82 13 56 19 70
23 -1 43 11 56 57 70 72 45 13 47 41 45 82 84 88 13 30 70 63 68 73 64 36 65 89 72 34 95 34
71 43 -1 63 87 23 51 57 21 86 88 29 81 19 15 79 34 69 90 80 66 43 22 25 62 94 36 62 40 32
83 11 63 -1 98 55 28 58 91 90 18 10 90 74 25 57 15 46 67 25 54 72 11 47 40 19 43 24 76 14
80 56 87 98 -1 78 19 96 32 21 57 92 55 47 92 11 84 34 40 36 42 74 16 72 57 55 80 98 11 32
38 57 23 55 78 -1 46 37 24 47 80 30 49 88 93 23 91 31 90 29 64 42 16 95 37 63 38 72 13 75
80 70 51 28 19 46 -1 74 91 28 66 75 66 12 53 59 41 51 33 91 55 10 12 28 74 30 27 81 60 15
20 72 57 58 96 37 74 -1 29 64 89 13 66 18 28 64 37 32 12 95 72 25 32 98 34 83 43 68 19 23
41 45 21 91 32 24 91 29 -1 11 43 18 33 30 22 19 84 17 92 57 47 71 81 29 51 65 81 14 25 90
34 13 86 90 21 47 28 64 11 -1 62 21 45 10 54 56 38 29 39 38 98 45 17 46 60 29 17 73 83 90
98 47 88 18 57 80 66 89 43 62 -1 39 28 78 75 52 15 15 58 85 54 49 22 43 66 29 43 70 98 22
98 41 29 10 92 30 75 13 18 21 39 -1 11 83 14 41 24 61 50 59 16 10 47 60 78 82 35 46 43 24
43 45 81 90 55 49 66 66 33 45 28 11 -1 54 93 89 26 43 64 97 77 64 12 89 58 70 51 98 87 94
64 82 19 74 47 88 12 18 30 10 78 83 54 -1 73 16 82 49 70 24 34 78 91 79 34 52 38 68 93 95
95 84 15 25 92 93 53 28 22 54 75 14 93 73 -1 70 23 96 46 29 66 29 79 24 15 58 98 50 32 22
88 88 79 57 11 23 59 64 19 56 52 41 89 16 70 -1 73 37 48 28 47 54 51 69 88 50 80 83 19 11
32 13 34 15 84 91 41 37 84 38 15 24 26 82 23 73 -1 41 93 81 63 45 77 51 61 20 89 85 68 66
77 30 69 46 34 31 51 32 17 29 15 61 43 49 96 37 41 -1 88 70 27 84 86 44 89 80 41 40 32 79
47 70 90 67 40 90 33 12 92 39 58 50 64 70 46 48 93 88 -1 45 79 22 27 50 96 61 60 34 62 30
63 63 80 25 36 29 91 95 57 38 85 59 97 24 29 28 81 70 45 -1 15 20 35 76 55 52 64 12 67 65
62 68 66 54 42 64 55 72 47 98 54 16 77 34 66 47 63 27 79 15 -1 10 22 55 51 55 10 75 61 45
32 73 43 72 74 42 10 25 71 45 49 10 64 78 29 54 45 84 22 20 10 -1 48 75 55 29 67 98 37 29
29 64 22 11 16 16 12 32 81 17 22 47 12 91 79 51 77 86 27 35 22 48 -1 12 37 51 76 16 37 69
76 36 25 47 72 95 28 98 29 46 43 60 89 79 24 69 51 44 50 76 55 75 12 -1 80 71 84 98 77 83
94 65 62 40 57 37 74 34 51 60 66 78 58 34 15 88 61 89 96 55 51 55 37 80 -1 87 57 65 55 25
82 89 94 19 55 63 30 83 65 29 29 82 70 52 58 50 20 80 61 52 55 29 51 71 87 -1 35 36 26 89
13 72 36 43 80 38 27 43 81 17 43 35 51 38 98 80 89 41 60 64 10 67 76 84 57 35 -1 25 50 87
56 34 62 24 98 72 81 68 14 73 70 46 98 68 50 83 85 40 34 12 75 98 16 98 65 36 25 -1 43 26
19 95 40 76 11 13 60 19 25 83 98 43 87 93 32 19 68 32 62 67 61 37 37 77 55 26 50 43 -1 77
70 34 32 14 32 75 15 23 90 90 22 24 94 95 22 11 66 79 30 65 45 29 69 83 25 89 87 26 77 -1
