25
-1 12 14 57 94 14 82 58 60 79 65 86 77 17 30 79 56 84 91 81 61 44 84 44 24
12 -1 67 76 84 72 84 70 73 59 54 19 33 95 25 48 75 66 43 21 91 32 65 45 79
14 67 -1 59 72 32 14 55 45 18 22 70 74 36 19 95 48 19 94 84 91 42 76 11 28
57 76 59 -1 83 86 97 44 94 26 61 89 52 46 54 14 50 29 60 78 31 60 92 25 49
94 84 72 83 -1 91 21 37 82 42 40 54 11 86 99 73 13 21 38 11 96 19 93 76 76
14 72 32 86 91 -1 51 25 70 70 27 91 27 37 42 62 52 72 74 41 57 45 39 23 85
82 84 14 97 21 51 -1 51 47 85 57 25 65 83 50 15 95 87 59 97 12 95 80 55 23
58 70 55 44 37 25 51 -1 18 56 66 59 81 81 99 59 18 70 77 12 72 67 54 91 75
60 73 45 94 82 70 47 18 -1 33 50 87 55 22 71 95 82 75 91 65 37 15 32 75 45
79 59 18 26 42 70 85 56 33 -1 22 93 50 13 91 48 79 39 20 77 84 29 74 83 37
65 54 22 61 40 27 57 66 50 22 -1 26 88 45 47 51 11 51 57 49 60 11 91 90 91
86 19 70 89 54 91 25 59 87 93 26 -1 16 12 20 50 49 79 85 92 90 74 65 94 57
77 33 74 52 11 27 65 81 55 50 88 16 -1 78 51 49 23 89 72 48 16 47 53 29 72
17 95 36 46 86 37 83 81 22 13 45 12 78 -1 82 85 76 42 28 44 24 78 23 74 29
30 25 19 54 99 42 50 99 71 91 47 20 51 82 -1 71 38 37 57 59 19 76 23 74 51
79 48 95 14 73 62 15 59 95 48 51 50 49 85 71 -1 24 62 77 83 16 78 68 45 92
56 75 48 50 13 52 95 18 82 79 11 49 23 76 38 24 -1 83 28 71 11 15 82 27 45
84 66 19 29 21 72 87 70 75 39 51 79 89 42 37 62 83 -1 63 38 97 70 26 92 77
91 43 94 60 38 74 59 77 91 20 57 85 72 28 57 77 28 63 -1 57 37 76 96 92 77
81 21 84 78 11 41 97 12 65 77 49 92 48 44 59 83 71 38 57 -1 75 24 88 66 17
61 91 91 31 96 57 12 72 37 84 60 90 16 24 19 16 11 97 37 75 -1 82 68 92 32
44 32 42 60 19 45 95 67 15 29 11 74 47 78 76 78 15 70 76 24 82 -1 56 11 36
84 65 76 92 93 39 80 54 32 74 91 65 53 23 23 68 82 26 96 88 68 56 -1 52 56
44 45 11 25 76 23 55 91 75 83 90 94 29 74 74 45 27 92 92 66 92 11 52 -1 28
24 79 28 49 76 85 23 75 45 37 91 57 72 29 51 92 45 77 77 17 32 36 56 28 -1
