30
-1 46 34 40 73 57 33 12 29 87 59 72 71 16 91 85 28 80 38 80 24 17 59 81 14 24 76 84 21 62
46 -1 63 51 86 82 85 69 90 74 40 88 18 32 37 61 36 76 27 44 98 75 73 46 64 13 45 25 80 29
34 63 -1 78 89 14 76 10 12 69 69 33 21 69 53 39 77 43 62 12 93 31 46 92 50 17 35 56 50 32
40 51 78 -1 97 53 41 81 94 42 45 54 27 66 19 60 73 55 82 17 53 17 88 56 67 17 45 67 47 62
73 86 89 97 -1 79 62 65 35 28 15 64 99 72 13 32 46 67 99 44 58 54 50 46 64 22 48 85 92 87
57 82 14 53 79 -1 71 98 25 67 30 70 88 83 53 90 73 97 18 70 48 37 41 11 52 82 54 30 17 34
33 85 76 41 62 71 -1 62 46 47 14 13 17 66 73 95 22 84 55 96 53 54 22 78 80 31 54 39 97 21
12 69 10 81 65 98 62 -1 43 77 46 22 22 27 15 95 54 48 74 31 55 72 10 73 57 15 64 45 12 28
29 90 12 94 35 25 46 43 -1 38 86 37 95 32 20 30 19 58 39 84 40 38 21 37 13 24 71 99 22 36
87 74 69 42 28 67 47 77 38 -1 78 52 23 72 41 20 51 74 41 60 97 51 70 84 61 54 77 37 10 85
59 40 69 45 15 30 14 46 86 78 -1 22 88 32 21 34 32 17 88 62 73 55 47 31 87 94 12 26 88 81
72 88 33 54 64 70 13 22 37 52 22 -1 80 85 22 36 43 41 84 92 22 10 92 52 15 92 84 54 91 57
71 18 21 27 99 88 17 22 95 23 88 80 -1 71 39 84 69 17 36 58 66 19 57 73 94 11 53 19 96 90
16 32 69 66 72 83 66 27 32 72 32 85 71 -1 52 48 14 48 99 60 21 32 99 35 71 72 55 99 49 65
91 37 53 19 13 53 73 15 20 41 21 22 39 52 -1 57 28 80 33 51 37 25 65 47 24 23 67 90 44 80
85 61 39 60 32 90 95 95 30 20 34 36 84 48 57 -1 53 44 89 80 83 54 53 31 94 90 11 91 25 60
28 36 77 73 46 73 22 54 19 51 32 43 69 14 28 53 -1 49 39 30 21 65 52 33 32 62 64 30 45 65
80 76 43 55 67 97 84 48 58 74 17 41 17 48 80 44 49 -1 21 90 66 35 58 11 23 85 95 72 98 57
38 27 62 82 99 18 55 74 39 41 88 84 36 99 33 89 39 21 -1 77 22 24 12 69 97 86 72 15 45 39
80 44 12 17 44 70 96 31 84 60 62 92 58 60 51 80 30 90 77 -1 88 63 88 90 41 41 59 40 11 91
24 98 93 53 58 48 53 55 40 97 73 22 66 21 37 83 21 66 22 88 -1 23 18 53 12 79 21 85 61 29
17 75 31 17 54 37 54 72 38 51 55 10 19 32 25 54 65 35 24 63 23 -1 52 15 42 32 25 47 60 59
59 73 46 88 50 41 22 10 21 70 47 92 57 99 65 53 52 58 12 88 18 52 -1 34 53 57 63 21 84 62
81 46 92 56 46 11 78 73 37 84 31 52 73 35 47 31 33 11 69 90 53 15 34 -1 80 33 76 50 48 49
14 64 50 67 64 52 80 57 13 61 87 15 94 71 24 94 32 23 97 41 12 42 53 80 -1 41 24 82 62 20
24 13 17 17 22 82 31 15 24 54 94 92 11 72 23 90 62 85 86 41 79 32 57 33 41 -1 81 10 25 94
76 45 35 45 48 54 54 64 71 77 12 84 53 55 67 11 64 95 72 59 21 25 63 76 24 81 -1 87 79 23
84 25 56 67 85 30 39 45 99 37 26 54 19 99 90 91 30 72 15 40 85 47 21 50 82 10 87 -1 26 22
21 80 50 47 92 17 97 12 22 10 88 91 96 49 44 25 45 98 45 11 61 60 84 48 62 25 79 26 -1 29
62 29 32 62 87 34 21 28 36 85 81 57 90 65 80 60 65 57 39 91 29 59 62 49 20 94 23 22 29 -1
