30
-1 86 14 32 12 51 68 84 67 71 17 39 71 70 82 71 37 27 67 72 25 95 76 76 54 55 91 72 16 59
86 -1 98 11 57 65 35 25 60 60 38 15 71 34 82 53 90 84 98 48 43 49 88 28 22 15 17 65 27 58
14 98 -1 23 95 96 64 60 49 98 18 14 65 85 59 88 99 30 29 97 14 35 81 32 13 53 17 26 92 41
32 11 23 -1 44 54 77 60 65 21 94 86 93 20 22 27 50 21 43 61 36 20 74 52 53 19 15 43 28 60
12 57 95 44 -1 49 88 53 71 59 68 52 70 24 82 84 28 66 66 69 42 24 56 20 87 89 69 88 98 75
51 65 96 54 49 -1 21 52 26 33 18 51 10 73 83 77 94 91 28 55 66 91 67 75 82 50 41 73 34 79
68 35 64 77 88 21 -1 41 26 30 52 38 29 98 17 11 37 89 81 77 97 63 12 85 60 72 40 21 65 62
84 25 60 60 53 52 41 -1 20 63 23 97 17 65 14 39 15 95 24 12 91 32 34 27 65 95 63 76 21 94
67 60 49 65 71 26 26 20 -1 56 58 38 59 44 97 84 22 60 75 61 85 15 19 31 26 15 69 89 86 33
71 60 98 21 59 33 30 63 56 -1 60 74 94 70 79 65 14 69 44 21 64 42 38 52 14 19 54 39 85 67
17 38 18 94 68 18 52 23 58 60 -1 84 28 48 12 68 71 80 96 73 33 96 32 47 15 35 98 75 67 25
39 15 14 86 52 51 38 97 38 74 84 -1 16 88 51 25 33 60 38 20 58 57 12 80 11 48 46 17 86 37
71 71 65 93 70 10 29 17 59 94 28 16 -1 99 72 42 93 66 89 98 13 99 91 52 56 55 74 44 15 80
70 34 85 20 24 73 98 65 44 70 48 88 99 -1 70 99 88 39 91 11 37 29 19 72 23 89 96 64 94 45
82 82 59 22 82 83 17 14 97 79 12 51 72 70 -1 86 24 35 86 61 19 78 38 80 55 98 64 64 86 19
71 53 88 27 84 77 11 39 84 65 68 25 42 99 86 -1 24 52 67 87 51 56 31 10 19 97 70 65 92 35
37 90 99 50 28 94 37 15 22 14 71 33 93 88 24 24 -1 72 22 39 95 95 26 17 96 34 21 82 27 81
27 84 30 21 66 91 89 95 60 69 80 60 66 39 35 52 72 -1 28 10 48 63 94 82 78 58 44 38 96 89
67 98 29 43 66 28 81 24 75 44 96 38 89 91 86 67 22 28 -1 61 11 43 92 33 72 32 55 71 72 31
72 48 97 61 69 55 77 12 61 21 73 20 98 11 61 87 39 10 61 -1 37 33 99 68 11 88 29 79 82 60
25 43 14 36 42 66 97 91 85 64 33 58 13 37 19 51 95 48 11 37 -1 80 54 41 98 15 96 79 28 59
95 49 35 20 24 91 63 32 15 42 96 57 99 29 78 56 95 63 43 33 80 -1 52 87 69 23 62 74 29 17
76 88 81 74 56 67 12 34 19 38 32 12 91 19 38 31 26 94 92 99 54 52 -1 16 39 95 63 98 76 45
76 28 32 52 20 75 85 27 31 52 47 80 52 72 80 10 17 82 33 68 41 87 16 -1 86 37 79 56 82 46
54 22 13 53 87 82 60 65 26 14 15 11 56 23 55 19 96 78 72 11 98 69 39 86 -1 28 15 14 52 76
55 15 53 19 89 50 72 95 15 19 35 48 55 89 98 97 34 58 32 88 15 23 95 37 28 -1 70 20 52 82
91 17 17 15 69 41 40 63 69 54 98 46 74 96 64 70 21 44 55 29 96 62 63 79 15 70 -1 12 21 91
72 65 26 43 88 73 21 76 89 39 75 17 44 64 64 65 82 38 71 79 79 74 98 56 14 20 12 -1 23 96
16 27 92 28 98 34 65 21 86 85 67 86 15 94 86 92 27 96 72 82 28 29 76 82 52 52 21 23 -1 38
59 58 41 60 75 79 62 94 33 67 25 37 80 45 19 35 81 89 31 60 59 17 45 46 76 82 91 96 38 -1
