30
-1 49 93 97 11 86 78 65 34 15 72 73 83 94 81 83 44 29 84 35 14 56 84 38 71 20 73 82 33 89
49 -1 47 88 15 73 91 43 40 52 73 75 58 58 17 80 73 98 19 66 11 39 22 57 97 79 85 49 90 22
93 47 -1 68 64 52 43 46 14 54 61 58 31 84 87 57 84 62 60 29 18 16 29 33 15 98 48 24 16 56
97 88 68 -1 21 34 87 20 13 36 41 25 87 85 78 51 92 64 31 37 10 51 57 34 36 40 23 70 69 21
11 15 64 21 -1 47 30 60 46 21 40 95 23 40 83 74 25 86 71 72 45 14 44 53 36 95 24 77 67 58
86 73 52 34 47 -1 77 12 80 87 32 34 12 43 38 39 92 95 58 10 26 89 83 12 91 44 53 78 23 56
78 91 43 87 30 77 -1 57 61 23 10 51 72 56 81 19 13 83 95 74 53 13 67 60 93 75 96 78 40 47
65 43 46 20 60 12 57 -1 48 48 65 88 38 80 71 28 48 87 18 21 52 67 82 75 69 50 93 51 97 49
34 40 14 13 46 80 61 48 -1 91 90 26 58 69 86 52 51 80 70 62 78 59 65 80 57 88 21 39 67 90
15 52 54 36 21 87 23 48 91 -1 71 73 61 81 47 48 23 14 88 17 11 82 86 69 37 28 74 33 25 24
72 73 61 41 40 32 10 65 90 71 -1 73 46 43 78 58 65 78 35 74 81 12 24 75 76 11 39 23 22 57
73 75 58 25 95 34 51 88 26 73 73 -1 68 52 78 54 16 48 41 19 22 26 67 46 66 84 17 66 45 87
83 58 31 87 23 12 72 38 58 61 46 68 -1 74 24 33 11 23 12 20 38 47 12 61 68 61 80 80 63 16
94 58 84 85 40 43 56 80 69 81 43 52 74 -1 49 52 58 60 49 59 55 94 23 82 92 45 29 34 52 27
81 17 87 78 83 38 81 71 86 47 78 78 24 49 -1 89 18 18 68 13 38 72 51 30 25 64 48 88 32 18
83 80 57 51 74 39 19 28 52 48 58 54 33 52 89 -1 70 12 72 24 14 67 91 55 74 73 49 83 89 82
44 73 84 92 25 92 13 48 51 23 65 16 11 58 18 70 -1 56 58 95 48 81 41 89 16 73 75 86 39 49
29 98 62 64 86 95 83 87 80 14 78 48 23 60 18 12 56 -1 12 33 26 68 96 56 77 49 66 40 52 72
84 19 60 31 71 58 95 18 70 88 35 41 12 49 68 72 58 12 -1 52 30 15 61 79 90 17 39 42 62 87
35 66 29 37 72 10 74 21 62 17 74 19 20 59 13 24 95 33 52 -1 55 38 96 15 32 74 59 62 39 19
14 11 18 10 45 26 53 52 78 11 81 22 38 55 38 14 48 26 30 55 -1 45 52 29 79 49 93 36 58 68
56 39 16 51 14 89 13 67 59 82 12 26 47 94 72 67 81 68 15 38 45 -1 64 76 85 51 42 50 70 96
84 22 29 57 44 83 67 82 65 86 24 67 12 23 51 91 41 96 61 96 52 64 -1 66 80 73 12 13 12 59
38 57 33 34 53 12 60 75 80 69 75 46 61 82 30 55 89 56 79 15 29 76 66 -1 55 86 17 12 97 11
71 97 15 36 36 91 93 69 57 37 76 66 68 92 25 74 16 77 90 32 79 85 80 55 -1 49 47 18 74 20
20 79 98 40 95 44 75 50 88 28 11 84 61 45 64 73 73 49 17 74 49 51 73 86 49 -1 59 14 46 54
73 85 48 23 24 53 96 93 21 74 39 17 80 29 48 49 75 66 39 59 93 42 12 17 47 59 -1 16 40 17
82 49 24 70 77 78 78 51 39 33 23 66 80 34 88 83 86 40 42 62 36 50 13 12 18 14 16 -1 50 55
33 90 16 69 67 23 40 97 67 25 22 45 63 52 32 89 39 52 62 39 58 70 12 97 74 46 40 50 -1 22
89 22 56 21 58 56 47 49 90 24 57 87 16 27 18 82 49 72 87 19 68 96 59 11 20 54 17 55 22 -1
