20
-1 42 44 23 98 89 34 81 36 35 10 36 60 74 47 67 39 98 43 41
42 -1 87 63 98 51 43 57 51 28 71 41 24 63 48 42 13 47 85 44
44 87 -1 18 42 38 93 33 31 42 50 45 11 34 16 43 86 63 60 82
23 63 18 -1 54 61 14 41 78 14 10 15 37 55 58 14 27 71 71 65
98 98 42 54 -1 11 10 10 78 27 82 35 94 49 40 97 36 58 58 99
89 51 38 61 11 -1 48 33 73 95 58 56 62 19 76 58 34 93 61 58
34 43 93 14 10 48 -1 10 86 35 87 28 55 61 50 70 32 46 72 80
81 57 33 41 10 33 10 -1 56 88 79 71 53 23 94 82 10 69 45 45
36 51 31 78 78 73 86 56 -1 82 69 82 49 78 77 35 20 80 14 71
35 28 42 14 27 95 35 88 82 -1 37 17 29 67 79 85 51 55 10 41
10 71 50 10 82 58 87 79 69 37 -1 86 65 52 34 84 74 55 54 65
36 41 45 15 35 56 28 71 82 17 86 -1 89 26 36 63 88 65 65 93
60 24 11 37 94 62 55 53 49 29 65 89 -1 52 98 10 37 98 87 39
74 63 34 55 49 19 61 23 78 67 52 26 52 -1 91 89 40 62 72 59
47 48 16 58 40 76 50 94 77 79 34 36 98 91 -1 76 31 50 29 90
67 42 43 14 97 58 70 82 35 85 84 63 10 89 76 -1 58 23 45 53
39 13 86 27 36 34 32 10 20 51 74 88 37 40 31 58 -1 95 87 94
98 47 63 71 58 93 46 69 80 55 55 65 98 62 50 23 95 -1 18 85
43 85 60 71 58 61 72 45 14 10 54 65 87 72 29 45 87 18 -1 90
41 44 82 65 99 58 80 45 71 41 65 93 39 59 90 53 94 85 90 -1
