10
-1 50 17 16 28 43 13 21 18 12
50 -1 15 10 28 14 24 15 38 26
17 15 -1 42 14 46 31 36 11 43
16 10 42 -1 19 14 29 23 11 11
28 28 14 19 -1 48 50 18 17 31
43 14 46 14 48 -1 49 26 28 43
13 24 31 29 50 49 -1 27 22 15
21 15 36 23 18 26 27 -1 37 26
18 38 11 11 17 28 22 37 -1 41
12 26 43 11 31 43 15 26 41 -1
