20
-1 24 17 88 59 78 41 44 99 59 66 63 67 12 55 61 39 89 23 84
24 -1 88 92 15 27 17 80 91 15 16 65 83 31 62 79 69 26 55 55
17 88 -1 22 14 80 22 72 87 88 53 99 88 45 88 38 88 93 19 15
88 92 22 -1 73 59 52 34 39 23 67 66 39 48 32 62 90 46 75 53
59 15 14 73 -1 68 86 10 97 94 78 67 44 11 68 78 91 80 96 99
78 27 80 59 68 -1 66 26 25 58 78 91 19 96 31 63 32 89 71 43
41 17 22 52 86 66 -1 30 75 60 81 63 17 11 67 69 59 31 21 87
44 80 72 34 10 26 30 -1 88 51 25 86 81 23 89 18 86 71 18 87
99 91 87 39 97 25 75 88 -1 85 62 76 60 72 54 35 53 57 18 28
59 15 88 23 94 58 60 51 85 -1 89 74 56 88 79 87 46 19 99 13
66 16 53 67 78 78 81 25 62 89 -1 75 43 59 60 37 72 40 95 91
63 65 99 66 67 91 63 86 76 74 75 -1 32 28 24 51 87 10 34 40
67 83 88 39 44 19 17 81 60 56 43 32 -1 25 57 40 76 65 13 53
12 31 45 48 11 96 11 23 72 88 59 28 25 -1 45 79 15 32 51 35
55 62 88 32 68 31 67 89 54 79 60 24 57 45 -1 87 26 63 29 53
61 79 38 62 78 63 69 18 35 87 37 51 40 79 87 -1 86 57 49 13
39 69 88 90 91 32 59 86 53 46 72 87 76 15 26 86 -1 27 70 89
89 26 93 46 80 89 31 71 57 19 40 10 65 32 63 57 27 -1 96 76
23 55 19 75 96 71 21 18 18 99 95 34 13 51 29 49 70 96 -1 34
84 55 15 53 99 43 87 87 28 13 91 40 53 35 53 13 89 76 34 -1
