20
-1 51 26 17 31 89 52 62 99 86 55 37 44 80 67 48 19 87 14 73
51 -1 73 39 66 18 85 74 85 27 63 94 95 16 92 80 12 35 56 77
26 73 -1 38 15 54 17 12 43 79 58 94 12 19 10 45 89 73 25 36
17 39 38 -1 66 88 43 86 17 66 48 81 63 21 42 65 86 59 61 93
31 66 15 66 -1 64 36 16 99 89 82 92 31 16 98 64 29 10 67 89
89 18 54 88 64 -1 63 69 27 89 34 86 46 38 35 75 41 24 15 52
52 85 17 43 36 63 -1 52 59 50 36 18 78 30 70 14 62 51 79 49
62 74 12 86 16 69 52 -1 10 83 79 60 98 14 28 75 58 57 88 79
99 85 43 17 99 27 59 10 -1 31 98 80 38 55 99 74 37 87 49 48
86 27 79 66 89 89 50 83 31 -1 13 66 54 77 10 83 99 52 68 44
55 63 58 48 82 34 36 79 98 13 -1 26 72 13 63 83 79 74 48 33
37 94 94 81 92 86 18 60 80 66 26 -1 48 53 59 56 19 70 90 81
44 95 12 63 31 46 78 98 38 54 72 48 -1 17 13 52 67 38 66 37
80 16 19 21 16 38 30 14 55 77 13 53 17 -1 29 80 75 30 73 29
67 92 10 42 98 35 70 28 99 10 63 59 13 29 -1 88 46 50 63 28
48 80 45 65 64 75 14 75 74 83 83 56 52 80 88 -1 36 34 63 99
19 12 89 86 29 41 62 58 37 99 79 19 67 75 46 36 -1 81 88 35
87 35 73 59 10 24 51 57 87 52 74 70 38 30 50 34 81 -1 92 24
14 56 25 61 67 15 79 88 49 68 48 90 66 73 63 63 88 92 -1 58
73 77 36 93 89 52 49 79 48 44 33 81 37 29 28 99 35 24 58 -1
