20
-1 68 67 37 14 62 16 51 94 85 41 90 11 32 45 63 89 67 26 20
68 -1 16 67 38 60 89 54 79 47 51 67 49 21 71 12 79 60 34 79
67 16 -1 10 42 34 66 42 42 78 84 84 20 80 30 28 77 58 65 14
37 67 10 -1 81 47 81 33 35 39 26 81 60 10 12 50 10 35 54 38
14 38 42 81 -1 72 66 98 68 90 74 69 42 50 13 55 90 38 65 93
62 60 34 47 72 -1 48 33 63 84 13 37 41 34 62 59 31 52 16 79
16 89 66 81 66 48 -1 92 96 31 30 63 29 66 57 87 55 95 69 38
51 54 42 33 98 33 92 -1 42 85 93 74 16 41 25 54 46 24 93 17
94 79 42 35 68 63 96 42 -1 98 44 22 57 37 22 19 70 74 40 39
85 47 78 39 90 84 31 85 98 -1 14 59 40 39 18 26 39 55 81 31
41 51 84 26 74 13 30 93 44 14 -1 68 79 12 40 84 72 25 73 76
90 67 84 81 69 37 63 74 22 59 68 -1 49 70 87 88 22 10 42 89
11 49 20 60 42 41 29 16 57 40 79 49 -1 55 67 89 60 28 98 37
32 21 80 10 50 34 66 41 37 39 12 70 55 -1 91 96 33 11 40 13
45 71 30 12 13 62 57 25 22 18 40 87 67 91 -1 15 71 30 24 50
63 12 28 50 55 59 87 54 19 26 84 88 89 96 15 -1 87 90 47 45
89 79 77 10 90 31 55 46 70 39 72 22 60 33 71 87 -1 53 98 36
67 60 58 35 38 52 95 24 74 55 25 10 28 11 30 90 53 -1 11 41
26 34 65 54 65 16 69 93 40 81 73 42 98 40 24 47 98 11 -1 96
20 79 14 38 93 79 38 17 39 31 76 89 37 13 50 45 36 41 96 -1
