20
-1 45 13 18 37 19 12 30 35 13 19 16 16 21 19 47 14 29 12 13
45 -1 17 16 14 17 13 68 59 16 54 12 19 11 39 21 29 25 18 11
13 17 -1 17 19 27 24 25 18 30 11 19 49 40 25 17 50 60 19 99
18 16 17 -1 19 17 15 37 77 88 27 67 81 71 11 85 33 56 37 20
37 14 19 19 -1 27 59 81 88 38 67 50 60 70 33 19 47 67 91 47
19 17 27 17 27 -1 67 13 27 67 57 38 84 81 11 93 45 31 45 29
12 13 24 15 59 67 -1 36 67 33 19 38 13 83 82 13 83 67 93 18
30 68 25 37 81 13 36 -1 13 54 61 82 46 26 12 47 67 36 29 37
35 59 18 77 88 27 67 13 -1 33 45 47 19 65 88 47 17 48 19 47
13 16 30 88 38 67 33 54 33 -1 36 11 55 66 77 88 99 47 17 57
19 54 11 27 67 57 19 61 45 36 -1 47 27 59 26 89 25 38 73 12
16 12 19 67 50 38 38 82 47 11 47 -1 84 23 75 21 37 82 33 43
16 19 49 81 60 84 13 46 19 55 27 84 -1 13 12 35 67 56 32 91
21 11 40 71 70 81 83 26 65 66 59 23 13 -1 83 94 28 58 39 19
19 39 25 11 33 11 82 12 88 77 26 75 12 83 -1 86 23 12 54 54
47 21 17 85 19 93 13 47 47 88 89 21 35 94 86 -1 99 47 68 98
14 29 50 33 47 45 83 67 17 99 25 37 67 28 23 99 -1 45 23 32
29 25 60 56 67 31 67 36 48 47 38 82 56 58 12 47 45 -1 88 58
12 18 19 37 91 45 93 29 19 17 73 33 32 39 54 68 23 88 -1 10
13 11 99 20 47 29 18 37 47 57 12 43 91 19 54 98 32 58 10 -1